agent_b_llm_size,agent_a_type,agent_b_model,source_run,source_path,condition_count,successful_condition_count,failed_condition_count,task_success_rate,audio_condition_count,text_condition_count,audio_task_success_rate,text_task_success_rate,paired_condition_count,paired_task_success_delta,scenario_count,persona_count,configured_tts_engines,configured_asr_engines,mean_route_validity,mean_constraint_satisfaction,mean_audio_word_error_rate,mean_audio_entity_error_rate,mean_repair_success_rate,mean_grounded_proposal_score,mean_task_focus_score,mean_turn_count,mean_runtime_sec,failure_phase_counts
small,tinyllama,Qwen2.5-0.5B-Instruct,20260714_045813_b-n0001,/beegfs/home/users/g/generalgroovy/experiments/CoopNavigationSDS/results/01-small-qwen2.5-0.5b/tinyllama/20260714_045813_b-n0001,1,0,1,0.0,1,0,0.0,,0,,1,1,piper,vosk,1.0,0.5,0.3053,0.8667,1.0,0.8345,0.0394,19.0,340.3777709091082,asr:1
